1000
276 93
95 517
29 883
357 43
572 275
623 606
972 766
794 249
953 532
131 485
251 869
451 5
485 498
760 889
605 610
441 17
741 292
795 401
431 313
478 199
444 40
334 399
204 869
496 846
402 859
397 429
676 109
803 367
709 182
796 84
476 731
598 310
746 695
882 252
162 767
985 326
97 587
218 91
359 374
126 371
854 749
612 237
0 359
3 284
419 670
364 667
601 559
594 454
345 685
581 106
499 889
854 444
264 996
164 292
495 494
969 165
255 705
132 129
442 54
450 944
474 622
398 281
327 704
715 190
839 503
254 454
677 514
599 176
57 691
248 626
527 646
38 752
761 596
83 519
255 269
157 790
307 501
217 977
928 818
212 737
588 111
854 567
253 244
265 839
219 61
860 147
578 201
517 459
862 170
603 253
108 948
4 594
39 291
949 666
631 919
553 889
236 382
689 555
560 599
126 49
44 721
73 343
577 638
117 931
272 569
714 221
739 434
184 95
14 470
891 398
638 934
990 444
376 512
25 378
201 247
150 285
813 138
670 580
259 404
622 928
646 759
714 499
264 508
297 308
666 980
251 510
841 153
208 255
951 67
563 558
724 780
684 420
750 229
610 636
339 959
267 775
93 3
281 599
904 752
431 380
998 858
567 504
166 380
16 9
181 786
136 855
124 493
489 895
486 401
955 656
555 802
316 37
44 615
39 725
71 289
309 682
407 129
376 861
581 949
486 486
363 892
28 861
300 774
255 869
0 442
465 369
454 363
627 85
515 698
458 380
670 785
477 725
35 47
530 925
947 524
32 433
757 94
598 447
235 279
396 162
188 472
931 734
458 621
174 582
812 379
545 533
10 394
300 700
825 165
983 683
58 88
806 138
321 614
127 275
610 239
590 375
87 220
296 392
770 465
361 293
640 834
882 960
655 159
192 160
149 831
769 859
60 83
746 504
714 667
917 465
679 679
469 468
826 861
105 338
203 20
935 370
630 720
193 69
983 370
667 15
375 307
508 473
334 931
88 343
639 742
162 551
11 808
702 119
29 592
313 674
652 170
637 643
416 521
620 993
173 243
195 780
476 845
939 21
117 54
801 814
919 468
210 419
588 174
586 939
593 714
318 278
523 155
263 884
170 112
73 174
929 300
674 645
130 343
72 917
301 409
911 294
7 219
924 561
635 469
686 307
192 318
357 167
53 597
109 677
499 460
147 338
547 393
567 681
942 763
494 371
861 709
594 63
417 907
954 949
567 675
869 396
444 657
895 546
559 930
554 191
675 431
462 16
273 569
712 872
299 400
917 501
798 357
641 286
614 841
707 166
858 885
159 890
762 995
384 762
469 457
309 137
275 136
601 751
307 523
327 778
176 853
44 447
411 121
852 335
103 816
289 730
778 222
887 150
265 263
411 748
785 119
152 17
964 349
169 274
267 646
814 455
788 163
196 912
317 364
952 415
159 722
301 224
56 220
73 440
644 238
191 333
586 516
610 422
318 666
409 801
242 448
429 750
304 352
387 719
474 80
990 510
128 913
817 651
145 554
310 533
406 545
413 311
657 337
971 839
177 88
38 894
343 677
801 665
721 479
46 181
626 490
33 239
615 866
851 101
507 501
409 106
607 166
5 423
683 424
452 886
516 311
814 585
579 275
54 628
350 350
356 322
313 959
110 786
7 988
175 586
765 160
680 553
592 761
961 896
812 68
8 13
496 370
583 708
275 59
552 812
273 567
945 908
447 555
893 190
630 984
762 273
648 0
268 867
737 138
982 658
11 880
695 380
504 919
292 799
190 371
511 201
896 813
560 89
433 524
940 864
603 179
441 391
7 936
748 932
321 952
430 167
990 780
395 363
209 69
812 235
587 403
882 94
156 612
816 902
622 645
775 963
610 211
261 301
766 30
870 420
29 577
651 826
818 683
414 335
590 95
954 162
612 722
131 310
949 502
133 543
375 529
136 430
936 47
87 66
938 24
986 850
999 454
741 546
157 732
400 404
99 878
260 76
578 913
601 82
367 715
299 582
606 840
10 149
348 62
921 347
136 311
178 66
479 333
442 659
695 795
111 817
81 30
709 395
720 649
722 526
974 492
592 829
997 44
376 642
289 750
604 902
521 947
169 227
732 293
561 604
29 395
834 519
953 833
71 593
580 301
805 402
981 882
690 17
504 457
271 189
368 490
316 218
134 212
327 86
771 628
118 82
602 491
396 691
756 355
215 69
20 747
655 496
893 408
890 542
646 411
242 820
584 981
808 745
106 646
421 469
261 996
284 296
566 14
144 473
593 430
247 41
725 781
835 70
76 718
697 273
965 478
280 748
411 746
107 383
261 194
778 597
671 528
228 927
688 38
287 163
56 812
281 450
132 281
759 474
490 390
52 350
462 609
684 335
508 156
522 279
746 787
228 872
11 244
709 166
901 933
211 104
197 825
184 609
96 440
787 731
175 264
744 479
457 733
99 779
259 896
93 346
591 273
175 417
71 843
734 769
620 307
644 177
826 578
781 701
631 643
897 601
407 12
123 795
245 330
706 724
83 924
614 928
851 346
94 313
489 586
871 152
778 735
126 406
136 845
712 851
887 199
222 236
7 148
865 373
9 988
330 428
38 743
513 174
193 219
656 164
198 109
104 174
186 249
972 937
152 972
132 495
444 618
121 338
287 64
383 511
210 829
331 173
403 571
637 760
250 637
949 587
836 329
147 366
496 657
647 306
46 542
851 848
552 152
724 611
849 270
921 438
704 146
939 327
705 982
898 548
618 568
147 265
950 296
406 382
584 472
855 900
917 692
634 288
229 239
197 117
252 246
504 744
946 494
558 743
143 484
412 788
420 4
811 34
108 867
425 240
766 734
9 404
829 661
270 781
817 75
316 828
321 611
396 407
473 803
73 733
550 645
731 183
281 422
173 581
928 16
500 632
464 118
543 79
97 322
403 471
507 587
11 617
853 327
648 80
405 472
782 416
110 161
182 980
445 165
44 703
177 789
328 862
858 832
349 13
98 748
239 973
332 439
212 501
140 474
968 248
511 62
494 350
601 256
938 717
357 575
546 127
76 453
527 419
49 479
128 374
715 601
207 483
875 894
719 179
914 26
387 158
145 854
265 376
648 396
563 416
579 367
160 570
945 744
313 219
176 629
53 72
996 508
25 888
160 261
710 771
819 457
801 740
935 889
887 696
678 844
466 797
794 617
467 979
619 724
911 341
749 517
537 49
30 211
646 690
835 745
179 378
754 622
683 936
873 667
239 893
817 140
267 270
903 636
565 639
371 898
927 421
369 786
469 232
106 304
127 806
510 110
943 763
775 469
183 15
29 217
31 220
982 311
151 658
3 499
737 788
852 382
680 87
443 994
950 391
52 13
862 713
75 108
611 917
819 49
705 591
30 910
484 346
731 515
100 885
174 166
571 509
344 581
692 774
684 121
421 213
242 661
907 803
570 611
69 923
862 507
79 566
978 277
109 626
114 690
268 590
563 293
64 129
697 841
637 230
898 282
277 495
504 120
798 9
86 587
445 295
769 180
171 26
887 402
542 541
295 931
444 862
250 179
341 783
229 233
786 873
59 933
959 463
293 626
502 721
856 259
951 699
524 129
106 978
729 563
988 237
442 546
922 323
862 493
544 145
569 131
691 87
263 249
610 864
57 954
576 772
337 691
39 391
227 380
827 111
59 424
424 98
578 11
16 747
559 906
434 945
764 10
150 607
951 91
473 413
905 338
400 145
194 115
566 606
478 783
491 783
123 638
591 664
452 406
794 537
757 35
872 568
614 544
131 768
104 146
536 897
930 833
534 773
427 526
757 482
891 216
519 724
498 562
70 394
685 556
590 826
483 242
131 722
740 7
364 617
172 292
492 586
661 103
522 219
194 487
616 837
481 344
919 736
822 209
44 591
220 665
313 800
671 519
786 176
61 930
680 336
53 620
263 101
871 642
491 120
75 930
723 703
477 495
814 931
118 156
439 759
490 36
838 64
65 703
668 399
660 144
315 312
361 239
431 267